2020-06-29,6.510000,6.540000,6.460000,6.540000,6.540000,1146600
2020-06-30,6.520000,6.640000,6.510000,6.610000,6.610000,3047000
2020-07-01,6.650000,6.660000,6.530000,6.610000,6.610000,2280300
2020-07-02,6.610000,6.670000,6.580000,6.600000,6.600000,2351100
2020-07-06,6.730000,6.770000,6.660000,6.680000,6.680000,3221100
2020-07-07,6.680000,6.740000,6.670000,6.710000,6.710000,1730100
2020-07-08,6.800000,6.880000,6.790000,6.830000,6.830000,4118600
2020-07-09,6.920000,6.950000,6.760000,6.860000,6.860000,2249300
2020-07-10,6.900000,6.900000,6.830000,6.860000,6.860000,1444300
2020-07-13,7.040000,7.090000,6.900000,6.930000,6.930000,4812000
2020-07-14,6.960000,7.050000,6.870000,7.050000,7.050000,2208300
2020-07-15,7.060000,7.120000,7.010000,7.120000,7.120000,2194500
2020-07-16,7.090000,7.110000,7.010000,7.010000,7.010000,1521400
2020-07-17,7.110000,7.110000,7.030000,7.070000,7.070000,2189200
2020-07-20,7.200000,7.320000,7.170000,7.290000,7.290000,2497300
2020-07-21,7.710000,7.800000,7.640000,7.730000,7.730000,7090800
2020-07-22,8.110000,8.240000,8.010000,8.240000,8.240000,10183600
2020-07-23,8.200000,8.370000,8.060000,8.210000,8.210000,6803800
2020-07-24,8.260000,8.340000,8.200000,8.290000,8.290000,3416500
2020-07-27,8.800000,8.820000,8.690000,8.800000,8.800000,10443900
2020-07-28,8.730000,8.930000,8.550000,8.840000,8.840000,4536200
2020-07-29,8.830000,9.030000,8.410000,8.760000,8.760000,5172900
2020-07-30,8.480000,8.560000,8.250000,8.410000,8.410000,4364400
2020-07-31,8.650000,8.690000,8.550000,8.630000,8.630000,4803800
2020-08-03,8.640000,8.810000,8.560000,8.810000,8.810000,2752000
2020-08-04,8.810000,9.310000,8.750000,9.310000,9.310000,8819500
2020-08-05,9.620000,9.720000,9.430000,9.620000,9.620000,6179800
2020-08-06,10.100000,10.280000,9.900000,10.280000,10.280000,9141200
2020-08-07,10.150000,10.150000,9.700000,10.040000,10.040000,9322300
2020-08-10,10.200000,10.460000,10.200000,10.390000,10.390000,8564900
2020-08-11,9.710000,9.780000,8.800000,8.920000,8.920000,12433600
2020-08-12,9.200000,9.290000,8.900000,8.920000,8.920000,7742200
2020-08-13,9.350000,9.640000,9.270000,9.560000,9.560000,6583600
2020-08-14,9.450000,9.530000,9.130000,9.300000,9.300000,4474900
2020-08-17,9.790000,9.790000,9.560000,9.620000,9.620000,4867100
2020-08-18,9.850000,9.990000,9.530000,9.820000,9.820000,5457400
2020-08-19,9.830000,9.890000,9.390000,9.460000,9.460000,4404100
2020-08-20,9.450000,9.690000,9.420000,9.680000,9.680000,2657100
2020-08-21,9.380000,9.460000,9.250000,9.360000,9.360000,2512400
2020-08-24,9.520000,9.520000,9.200000,9.230000,9.230000,2082700
2020-08-25,9.300000,9.350000,9.140000,9.350000,9.350000,2262400
2020-08-26,9.330000,9.750000,9.280000,9.750000,9.750000,3939600
2020-08-27,9.890000,9.890000,9.430000,9.640000,9.640000,4043900
2020-08-28,9.800000,9.890000,9.740000,9.830000,9.830000,4255100
2020-08-31,10.000000,10.070000,9.960000,10.010000,10.010000,3631700
2020-09-01,10.240000,10.250000,9.810000,9.990000,9.990000,3032600
2020-09-02,9.890000,9.890000,9.630000,9.730000,9.730000,2451100
2020-09-03,9.670000,9.730000,9.340000,9.370000,9.370000,3838800
2020-09-04,9.370000,9.550000,9.200000,9.510000,9.510000,3889300
2020-09-08,9.370000,9.500000,9.110000,9.410000,9.410000,2233400
2020-09-09,9.480000,9.600000,9.420000,9.580000,9.580000,1742500
2020-09-10,9.710000,9.740000,9.440000,9.500000,9.500000,1942100
2020-09-11,9.510000,9.600000,9.440000,9.480000,9.480000,1437300
2020-09-14,9.610000,9.690000,9.570000,9.660000,9.660000,1371900
2020-09-15,9.770000,9.770000,9.580000,9.670000,9.670000,1577300
2020-09-16,9.730000,9.780000,9.590000,9.690000,9.690000,1789900
2020-09-17,9.470000,9.670000,9.390000,9.670000,9.670000,1850800
2020-09-18,9.580000,9.690000,9.530000,9.560000,9.560000,1618500
2020-09-21,9.290000,9.310000,8.500000,8.880000,8.880000,7189900
2020-09-22,8.800000,8.860000,8.660000,8.740000,8.740000,2855000
2020-09-23,8.440000,8.470000,8.020000,8.070000,8.070000,5839200
2020-09-24,7.880000,8.310000,7.750000,8.240000,8.240000,4889700
2020-09-25,8.120000,8.240000,8.060000,8.120000,8.120000,2588200
2020-09-28,8.320000,8.390000,8.220000,8.390000,8.390000,2173800
2020-09-29,8.470000,8.650000,8.450000,8.620000,8.620000,2349000
2020-09-30,8.500000,8.520000,8.230000,8.270000,8.270000,2362600
2020-10-01,8.430000,8.510000,8.300000,8.400000,8.400000,3364300
2020-10-02,8.470000,8.540000,8.350000,8.400000,8.400000,1732100
2020-10-05,8.450000,8.620000,8.450000,8.600000,8.600000,1184400
2020-10-06,8.610000,8.610000,8.210000,8.220000,8.220000,2596300
2020-10-07,8.320000,8.420000,8.290000,8.390000,8.390000,1525800
2020-10-08,8.500000,8.540000,8.350000,8.420000,8.420000,1103400
2020-10-09,8.680000,8.800000,8.610000,8.800000,8.800000,4418700
2020-10-12,8.820000,8.880000,8.690000,8.860000,8.860000,1713700
2020-10-13,8.620000,8.670000,8.430000,8.550000,8.550000,2396300
2020-10-14,8.620000,8.650000,8.460000,8.490000,8.490000,2552900
2020-10-15,8.350000,8.520000,8.300000,8.520000,8.520000,1353100
2020-10-16,8.560000,8.610000,8.490000,8.490000,8.490000,1234800
2020-10-19,8.660000,8.700000,8.500000,8.540000,8.540000,1292600
2020-10-20,8.650000,8.740000,8.600000,8.700000,8.700000,1477700
2020-10-21,8.800000,8.900000,8.750000,8.810000,8.810000,1390000
2020-10-22,8.810000,8.810000,8.590000,8.750000,8.750000,1748700
2020-10-23,8.750000,8.780000,8.610000,8.710000,8.710000,760400
2020-10-26,8.600000,8.640000,8.540000,8.580000,8.580000,1104700
2020-10-27,8.600000,8.640000,8.550000,8.620000,8.620000,741100
2020-10-28,8.320000,8.320000,8.090000,8.250000,8.250000,2813800
2020-10-29,8.110000,8.320000,8.070000,8.250000,8.250000,1347700
2020-10-30,8.350000,8.380000,8.270000,8.360000,8.360000,1233600
2020-11-02,8.460000,8.520000,8.390000,8.520000,8.520000,1248800
2020-11-03,8.580000,8.580000,8.500000,8.540000,8.540000,979100
2020-11-04,8.480000,8.550000,8.400000,8.430000,8.430000,872000
2020-11-05,8.760000,8.880000,8.710000,8.880000,8.880000,5770200
2020-11-06,8.980000,9.000000,8.820000,8.990000,8.990000,2291700
2020-11-09,8.650000,8.650000,8.270000,8.540000,8.540000,4069400
2020-11-10,8.520000,8.620000,8.470000,8.490000,8.490000,1326500
2020-11-11,8.390000,8.510000,8.390000,8.500000,8.500000,1389500
2020-11-12,8.500000,8.540000,8.470000,8.490000,8.490000,934100
2020-11-13,8.690000,8.700000,8.620000,8.650000,8.650000,899000
2020-11-16,8.660000,8.710000,8.610000,8.660000,8.660000,1529700
2020-11-17,8.630000,8.650000,8.520000,8.560000,8.560000,1095100
2020-11-18,8.510000,8.630000,8.470000,8.470000,8.470000,1349700
2020-11-19,8.340000,8.410000,8.290000,8.410000,8.410000,1740700
2020-11-20,8.480000,8.550000,8.410000,8.420000,8.420000,1336900
2020-11-23,8.380000,8.400000,8.150000,8.210000,8.210000,2297800
2020-11-24,8.050000,8.110000,8.010000,8.050000,8.050000,2527200
2020-11-25,8.120000,8.190000,8.100000,8.150000,8.150000,1828500
2020-11-27,7.880000,7.950000,7.820000,7.920000,7.920000,1559400
2020-11-30,7.780000,7.910000,7.730000,7.860000,7.860000,2812900
2020-12-01,8.150000,8.380000,8.140000,8.370000,8.370000,1912500
2020-12-02,8.270000,8.410000,8.240000,8.390000,8.390000,1121300
2020-12-03,8.420000,8.420000,8.290000,8.410000,8.410000,1070500
2020-12-04,8.400000,8.470000,8.350000,8.420000,8.420000,1094500
2020-12-07,8.350000,8.660000,8.340000,8.580000,8.580000,1495200
2020-12-08,8.590000,8.690000,8.530000,8.590000,8.590000,1123200
2020-12-09,8.520000,8.520000,8.220000,8.340000,8.340000,2122000
2020-12-10,8.370000,8.470000,8.320000,8.360000,8.360000,855600
2020-12-11,8.360000,8.420000,8.320000,8.330000,8.330000,783300
2020-12-14,8.350000,8.440000,8.280000,8.300000,8.300000,1201100
2020-12-15,8.520000,8.560000,8.470000,8.530000,8.530000,806700
2020-12-16,8.730000,8.910000,8.610000,8.900000,8.900000,1721500
2020-12-17,9.070000,9.160000,9.040000,9.120000,9.120000,2130200
2020-12-18,9.090000,9.110000,9.000000,9.000000,9.000000,1926300
2020-12-21,9.080000,9.280000,9.060000,9.230000,9.230000,2937600
2020-12-22,9.130000,9.140000,8.830000,8.870000,8.870000,2303700
2020-12-23,8.930000,9.090000,8.930000,9.020000,9.020000,1488800
2020-12-24,9.010000,9.120000,9.000000,9.110000,9.110000,646300
2020-12-28,9.340000,9.420000,9.230000,9.260000,9.260000,2025700
2020-12-29,9.230000,9.300000,9.150000,9.220000,9.220000,1348700
2020-12-30,9.230000,9.390000,9.230000,9.380000,9.380000,1409700
2020-12-31,9.350000,9.370000,9.250000,9.340000,9.340000,1141100
2021-01-04,9.620000,9.680000,9.440000,9.580000,9.580000,4013300
2021-01-05,9.650000,9.750000,9.580000,9.720000,9.720000,1411600
2021-01-06,9.630000,9.670000,9.370000,9.660000,9.660000,2554600
2021-01-07,9.630000,9.660000,9.530000,9.630000,9.630000,1647800
2021-01-08,9.430000,9.440000,8.680000,8.990000,8.990000,5439800
2021-01-11,8.750000,8.960000,8.730000,8.820000,8.820000,2103900
2021-01-12,8.960000,9.080000,8.880000,9.050000,9.050000,1899800
2021-01-13,9.020000,9.070000,8.880000,8.890000,8.890000,1298300
2021-01-14,8.940000,9.170000,8.940000,9.080000,9.080000,1531900
2021-01-15,8.880000,8.900000,8.680000,8.730000,8.730000,2366000
2021-01-19,8.910000,8.930000,8.840000,8.930000,8.930000,2191400
2021-01-20,9.000000,9.130000,9.000000,9.100000,9.100000,2123100
2021-01-21,9.130000,9.210000,9.050000,9.180000,9.180000,1444800
2021-01-22,8.930000,9.050000,8.880000,8.980000,8.980000,1313700
2021-01-25,9.060000,9.090000,8.870000,8.930000,8.930000,1144200
2021-01-26,8.940000,9.010000,8.880000,8.930000,8.930000,1800700
2021-01-27,8.800000,8.860000,8.620000,8.760000,8.760000,2333200
2021-01-28,9.210000,9.400000,8.970000,9.260000,9.260000,11648800
2021-01-29,9.710000,9.810000,9.420000,9.580000,9.580000,11552700
2021-02-01,11.010000,11.080000,10.060000,10.410000,10.410000,46111400
2021-02-02,9.960000,9.970000,9.640000,9.780000,9.780000,12926400
2021-02-03,9.860000,9.870000,9.680000,9.710000,9.710000,9014000
2021-02-04,9.560000,9.670000,9.410000,9.630000,9.630000,7366300
2021-02-05,9.700000,9.770000,9.610000,9.690000,9.690000,7316200
2021-02-08,9.860000,9.890000,9.780000,9.800000,9.800000,8090900
2021-02-09,9.910000,9.920000,9.740000,9.850000,9.850000,4027800
2021-02-10,9.910000,9.930000,9.710000,9.860000,9.860000,5205900
2021-02-11,9.850000,9.850000,9.720000,9.810000,9.810000,7567600
2021-02-12,9.810000,9.860000,9.730000,9.810000,9.810000,7660300
2021-02-16,9.890000,10.070000,9.850000,9.890000,9.890000,24732000
2021-02-17,9.870000,9.890000,9.800000,9.870000,9.870000,15922600
2021-02-18,9.890000,9.920000,9.800000,9.900000,9.900000,8101000
2021-02-19,9.990000,10.010000,9.810000,9.810000,9.810000,13579700
2021-02-22,9.960000,10.220000,9.850000,10.220000,10.220000,31340300
2021-02-23,10.070000,10.170000,9.770000,10.140000,10.140000,15332400
2021-02-24,10.030000,10.160000,9.960000,10.160000,10.160000,12634100
2021-02-25,10.080000,10.130000,9.960000,10.030000,10.030000,12217300
2021-02-26,9.870000,9.870000,9.560000,9.810000,9.810000,12639100
2021-03-01,9.840000,9.860000,9.600000,9.610000,9.610000,17655300
2021-03-02,9.610000,9.680000,9.530000,9.640000,9.640000,9627200
2021-03-03,9.510000,9.590000,9.310000,9.430000,9.430000,7120300
2021-03-04,9.380000,9.470000,8.940000,9.080000,9.080000,9374400
2021-03-05,9.100000,9.120000,8.840000,9.050000,9.050000,7180600
2021-03-08,9.050000,9.140000,9.010000,9.080000,9.080000,5013200
2021-03-09,9.350000,9.350000,9.210000,9.260000,9.260000,10113600
2021-03-10,9.310000,9.430000,9.230000,9.430000,9.430000,4249200
2021-03-11,9.390000,9.490000,9.300000,9.460000,9.460000,4392300
2021-03-12,9.210000,9.420000,9.180000,9.410000,9.410000,4439200
2021-03-15,9.490000,9.490000,9.340000,9.470000,9.470000,7746100
2021-03-16,9.380000,9.440000,9.330000,9.390000,9.390000,3187500
2021-03-17,9.380000,9.520000,9.310000,9.450000,9.450000,7172300
2021-03-18,9.300000,9.480000,9.280000,9.330000,9.330000,4067200
2021-03-19,9.390000,9.430000,9.330000,9.410000,9.410000,3332000
2021-03-22,9.280000,9.340000,9.250000,9.320000,9.320000,3826300
2021-03-23,9.170000,9.230000,9.050000,9.070000,9.070000,4030900
2021-03-24,9.160000,9.170000,9.040000,9.060000,9.060000,5434400
2021-03-25,8.970000,9.060000,8.970000,9.030000,9.030000,5190400
2021-03-26,9.030000,9.050000,8.990000,9.030000,9.030000,3673600
2021-03-29,9.000000,9.020000,8.860000,8.980000,8.980000,4333200
2021-03-30,8.800000,8.810000,8.620000,8.690000,8.690000,6850900
2021-03-31,8.710000,8.790000,8.680000,8.780000,8.780000,8696100
2021-04-01,8.840000,8.970000,8.770000,8.960000,8.960000,8454900
2021-04-05,8.950000,9.020000,8.910000,8.990000,8.990000,3945500
2021-04-06,9.060000,9.070000,9.000000,9.040000,9.040000,5989700
2021-04-07,9.000000,9.080000,8.970000,8.980000,8.980000,4407800
2021-04-08,9.100000,9.100000,9.020000,9.080000,9.080000,4825900
2021-04-09,8.930000,9.060000,8.930000,9.020000,9.020000,3060500
2021-04-12,9.010000,9.010000,8.880000,8.940000,8.940000,3811300
2021-04-13,9.030000,9.070000,9.000000,9.060000,9.060000,4774900
2021-04-14,9.030000,9.160000,9.020000,9.120000,9.120000,4627100
2021-04-15,9.190000,9.300000,9.170000,9.270000,9.270000,8092000
2021-04-16,9.320000,9.350000,9.280000,9.310000,9.310000,5121100
2021-04-19,9.280000,9.320000,9.210000,9.260000,9.260000,3211000
2021-04-20,9.260000,9.330000,9.240000,9.250000,9.250000,3623100
2021-04-21,9.330000,9.520000,9.310000,9.520000,9.520000,5904000
2021-04-22,9.420000,9.450000,9.330000,9.390000,9.390000,3882400
2021-04-23,9.430000,9.450000,9.270000,9.360000,9.360000,3978000
2021-04-26,9.410000,9.410000,9.350000,9.390000,9.390000,3881700
2021-04-27,9.420000,9.460000,9.400000,9.400000,9.400000,3651800
2021-04-28,9.360000,9.470000,9.300000,9.470000,9.470000,3380200
2021-04-29,9.450000,9.450000,9.290000,9.450000,9.450000,4992800
2021-04-30,9.440000,9.440000,9.350000,9.380000,9.380000,5596900
2021-05-03,9.570000,9.650000,9.500000,9.630000,9.630000,13709800
2021-05-04,9.670000,9.690000,9.370000,9.530000,9.530000,6083100
2021-05-05,9.520000,9.530000,9.450000,9.510000,9.510000,3861700
2021-05-06,9.640000,9.770000,9.600000,9.730000,9.730000,9005200
2021-05-07,9.730000,9.840000,9.690000,9.840000,9.840000,5013600
2021-05-10,9.990000,10.000000,9.770000,9.810000,9.810000,7153600
2021-05-11,9.760000,9.880000,9.710000,9.880000,9.880000,4351200
2021-05-12,9.850000,9.870000,9.700000,9.710000,9.710000,5638400
2021-05-13,9.700000,9.730000,9.640000,9.710000,9.710000,3714200
2021-05-14,9.790000,9.820000,9.720000,9.780000,9.780000,4953300
2021-05-17,9.850000,10.060000,9.840000,10.030000,10.030000,10496200
2021-05-18,10.120000,10.130000,10.000000,10.110000,10.110000,3701300
2021-05-19,9.920000,10.120000,9.850000,9.950000,9.950000,6830700
2021-05-20,9.960000,10.050000,9.880000,9.930000,9.930000,4186700
2021-05-21,10.010000,10.020000,9.770000,9.890000,9.890000,4978500
2021-05-24,9.950000,9.990000,9.910000,9.940000,9.940000,3638700
2021-05-25,9.870000,10.000000,9.860000,10.000000,10.000000,5820300
2021-05-26,9.990000,10.030000,9.910000,9.960000,9.960000,3842300
2021-05-27,9.960000,10.000000,9.900000,10.000000,10.000000,3826800
2021-05-28,9.940000,10.030000,9.930000,10.020000,10.020000,3445400
2021-06-01,10.200000,10.200000,10.000000,10.030000,10.030000,5977600
2021-06-02,10.060000,10.090000,10.010000,10.090000,10.090000,4742500
2021-06-03,9.900000,9.920000,9.720000,9.840000,9.840000,8431500
2021-06-04,9.950000,9.970000,9.880000,9.970000,9.970000,4879800
2021-06-07,9.950000,9.980000,9.900000,9.970000,9.970000,3668600
2021-06-08,9.950000,9.990000,9.880000,9.890000,9.890000,4085500
2021-06-09,9.970000,10.000000,9.910000,9.930000,9.930000,4267800
2021-06-10,9.910000,10.010000,9.900000,10.010000,10.010000,4324900
2021-06-11,10.040000,10.090000,9.970000,9.970000,9.970000,3962200
2021-06-14,9.890000,10.030000,9.860000,9.970000,9.970000,3598700
2021-06-15,9.930000,9.940000,9.820000,9.880000,9.880000,2827200
2021-06-16,9.940000,9.950000,9.760000,9.760000,9.760000,3796800
2021-06-17,9.460000,9.470000,9.260000,9.310000,9.310000,10645400
2021-06-18,9.330000,9.340000,9.240000,9.280000,9.280000,6848600
2021-06-21,9.310000,9.320000,9.230000,9.280000,9.280000,4681000
2021-06-22,9.230000,9.230000,9.150000,9.220000,9.220000,3139000
2021-06-23,9.270000,9.330000,9.160000,9.180000,9.180000,4869800
2021-06-24,9.300000,9.310000,9.200000,9.250000,9.250000,1459400
2021-06-25,9.300000,9.320000,9.240000,9.270000,9.270000,1522600
2021-06-28,9.280000,9.330000,9.260000,9.286200,9.286200,1396048